1248 136 30 30
1744 72 30 30
368 136 30 30
2080 72 30 30
2720 136 30 30
256 136 30 30
320 136 30 30
336 136 30 30
351 136 30 30
388 136 30 30
352 72 30 30
448 168 62 62
304 152 62 94
736 136 62 126
912 136 62 126
2608 168 62 62
2864 168 62 62
1232 136 30 30	
1263 136 30 30
1280 72 30 30
1296 72 30 30
1312 72 30 30
1328 72 30 30
1344 72 30 30
1360 72 30 30
1376 72 30 30
1392 72 30 30
1456 72 30 30
1471 72 30 30
1487 72 30 30
1504 72 30 30
1504 136 30 30
1600 136 30 30
1615 136 30 30
1696 136 30 30
1744 136 30 30
1792 136 30 30
1888 136 30 30
1936 72 30 30
1951 72 30 30
1967 72 30 30
2048 72 30 30
2064 72 30 30	
2095 72 30 30
2064 136 30 30
2079 136 30 30
2144 184 30 30
2160 168 30 30
2176 152 30 30
2192 136 30 30
2192 152 30 30
2192 168 30 30
2192 184 30 30
2240 136 30 30
2240 152 30 30
2240 168 30 30
2240 184 30 30
2256 152 30 30
2272 168 30 30
2288 184 30 30
2368 184 30 30
2384 168 30 30
2400 152 30 30
2416 136 30 30
2432 136 30 30
2432 152 30 30
2432 168 30 30
2432 184 30 30
2480 136 30 30
2480 152 30 30
2480 168 30 30
2480 184 30 30
2496 152 30 30
2512 168 30 30
2528 184 30 30
2688 136 30 30
2703 136 30 30	
2735 136 30 30
2896 184 30 30
2912 168 30 30
2928 152 30 30
2944 136 30 30
2960 120 30 30
2976 104 30 30
2992 88 30 30
3008 72 30 30
3024 72 30 30
3024 88 30 30
3024 104 30 30
3024 120 30 30
3024 136 30 30
3024 152 30 30
3024 168 30 30
3024 184 30 30
3168 184 30 30
1119 200 2 30
1391 200 32 30
2263 200 2 30
3262 200 30 60
